5.000000000000000278e-02 5.001756393840156578e-02 5.005418083037688898e-02
5.000000000000000278e-02 4.998356921891466270e-02 5.007892093557182039e-02
5.000000000000000278e-02 4.980226404831782777e-02 5.023725760881934954e-02
5.000000000000000278e-02 5.002889551156387143e-02 4.976224758907674822e-02
5.000000000000000278e-02 4.999490079207696142e-02 5.003438874622095217e-02
5.000000000000000278e-02 4.983625876780473779e-02 4.995027238855819646e-02
5.000000000000000278e-02 5.019886910899840071e-02 4.992058426232428431e-02
5.000000000000000278e-02 5.013087967002458761e-02 5.003438874622095217e-02
5.000000000000000278e-02 4.958696415823408976e-02 4.977709165219370430e-02
5.000000000000000278e-02 4.991557977994084960e-02 4.996016843063616486e-02
5.000000000000000278e-02 5.014221124318689327e-02 4.997006447271414020e-02
5.000000000000000278e-02 5.026685854797221381e-02 4.979688373634964804e-02
5.000000000000000278e-02 5.031218484062142254e-02 4.994532436751920879e-02
5.000000000000000278e-02 4.964362202404559721e-02 4.997996051479210861e-02
5.000000000000000278e-02 4.990424820677854395e-02 5.023725760881934954e-02
5.000000000000000278e-02 4.994957449942775268e-02 5.015314125115660077e-02
5.000000000000000278e-02 4.991557977994084960e-02 4.967813123141399251e-02
5.000000000000000278e-02 5.025552697480991510e-02 5.028673781920920544e-02
5.000000000000000278e-02 4.997223764575235705e-02 4.996511645167515253e-02
5.000000000000000278e-02 5.014221124318689327e-02 5.017788135635152524e-02
