4.306233173779100724e-04 1.986434622390027827e-02 1.408394307620645589e-02
4.306233173779100724e-04 2.088344804768782134e-02 1.442030189196034061e-02
4.306233173779100724e-04 2.069095103652795337e-02 1.462805292522009228e-02
4.306233173779100724e-04 1.986434622390027827e-02 1.393554948102091948e-02
4.306233173779100724e-04 1.923023842243247461e-02 1.348542224229145638e-02
4.306233173779100724e-04 1.935479531200650846e-02 1.356456549305707672e-02
4.306233173779100724e-04 1.975111268792388575e-02 1.397017465323087751e-02
4.306233173779100724e-04 2.073624445091850829e-02 1.459837420618298638e-02
4.306233173779100724e-04 2.094006481567601760e-02 1.458848129983728384e-02
4.306233173779100724e-04 2.010213664945070464e-02 1.410867534207071311e-02
4.306233173779100724e-04 1.920759171523719541e-02 3.337511045032629659e-02
4.306233173779100724e-04 1.893583122889385198e-02 3.320198458927650642e-02
4.306233173779100724e-04 1.972846598072860655e-02 3.380545187636435633e-02
4.306233173779100724e-04 2.062301091494211577e-02 3.404782808183406950e-02
4.306233173779100724e-04 2.075889115811378749e-02 3.432482945951373376e-02
4.306233173779100724e-04 2.055507079335628165e-02 3.412202487942683771e-02
4.306233173779100724e-04 1.960390909115457270e-02 3.338994980984485300e-02
4.306233173779100724e-04 1.909435817926080289e-02 3.338005690349914872e-02
4.306233173779100724e-04 1.975111268792388575e-02 3.369168345338877796e-02
4.306233173779100724e-04 2.047580731817280619e-02 3.407256034769832326e-02
4.306233173779100724e-04 2.074756780451614963e-02 3.440891916345220625e-02
4.306233173779100724e-04 2.043051390378224780e-02 3.406266744135261898e-02
4.306233173779100724e-04 1.959258573755693483e-02 3.367189764069737634e-02
4.306233173779100724e-04 1.907171147206552370e-02 3.339984271619055728e-02
4.306233173779100724e-04 1.961523244475221403e-02 3.351855759233898779e-02
4.306233173779100724e-04 2.048713067177044406e-02 1.439062317292323298e-02
4.306233173779100724e-04 2.081550792610198375e-02 1.463299937839294441e-02
4.306233173779100724e-04 2.030595701420821395e-02 1.450933804907166350e-02
4.306233173779100724e-04 1.951332226237345938e-02 1.384156687073674619e-02
4.306233173779100724e-04 1.898112464328441037e-02 1.343101125739009326e-02
4.306233173779100724e-04 1.952464561597109724e-02 1.379210233900823347e-02
4.306233173779100724e-04 2.057771750055155738e-02 1.433126573484901772e-02
4.306233173779100724e-04 2.080418457250434588e-02 1.463299937839294441e-02
4.306233173779100724e-04 2.055507079335628165e-02 1.443514125147889529e-02
4.306233173779100724e-04 1.963787915194749323e-02 1.391081721515666225e-02
4.306233173779100724e-04 1.906038811846788583e-02 1.356456549305707672e-02
4.306233173779100724e-04 1.928685519042067087e-02 1.378220943266253093e-02
4.306233173779100724e-04 2.022669353902473849e-02 1.417792568649063091e-02
8.196969282830328385e-02 2.089477140128545921e-02 1.466762455060290245e-02
8.196969282830328385e-02 2.052110073256336112e-02 1.440546253244178766e-02
8.196969282830328385e-02 1.972846598072860655e-02 1.387619204294670422e-02
8.196969282830328385e-02 1.923023842243247461e-02 1.359424421209418435e-02
8.196969282830328385e-02 1.936611866560414633e-02 1.356951194622992712e-02
8.196969282830328385e-02 2.028331030701293475e-02 1.421255085870058894e-02
8.196969282830328385e-02 2.084947798689490428e-02 1.462310647204724187e-02
8.196969282830328385e-02 2.107594505884768932e-02 1.441535543878749021e-02
8.196969282830328385e-02 1.998890311347431212e-02 1.407899662303360548e-02
8.196969282830328385e-02 1.908303482566316503e-02 1.352004741450141441e-02
8.196969282830328385e-02 1.941141207999470472e-02 1.366349455651410041e-02
8.196969282830328385e-02 2.018140012463418009e-02 1.408394307620645589e-02
