7.128599942955955388e-13 7.128599942955955388e-13 9.999999999985742516e-01
7.168458781346590537e-13 7.168458781346590537e-13 9.999999999985663690e-01
7.132158904485131756e-13 7.132158904485131756e-13 9.999999999985735855e-01
7.190106413559411463e-13 7.190106413559411463e-13 9.999999999985620391e-01
7.116424708211393840e-13 7.116424708211393840e-13 9.999999999985766941e-01
9.999999999916665550e-01 4.166666666614583520e-12 4.166666666614583520e-12
9.999999999916665550e-01 4.166666666614583520e-12 4.166666666614583520e-12
9.999999999916665550e-01 4.166666666614583520e-12 4.166666666614583520e-12
9.999999999916665550e-01 4.166666666614583520e-12 4.166666666614583520e-12
9.999999999916665550e-01 4.166666666614583520e-12 4.166666666614583520e-12
4.547935237396014535e-13 4.547935237396014535e-13 9.999999999990905053e-01
4.544421722329637449e-13 4.544421722329637449e-13 9.999999999990911714e-01
4.538852578062084357e-13 4.538852578062084357e-13 9.999999999990922817e-01
4.554356241739007453e-13 4.554356241739007453e-13 9.999999999990891730e-01
4.539676775007437007e-13 4.539676775007437007e-13 9.999999999990921706e-01
4.559547692862630664e-13 4.559547692862630664e-13 9.999999999990881738e-01
4.534324839025300628e-13 9.999999999990932809e-01 4.534324839025300628e-13
4.550418638508532018e-13 9.999999999990900612e-01 4.550418638508532018e-13
4.538234626724023408e-13 9.999999999990923927e-01 4.538234626724023408e-13
4.548762736529455075e-13 9.999999999990903943e-01 4.548762736529455075e-13
